   4.1489362e+00   2.6666667e+00
   4.1673759e+00   2.6410256e+00
   4.1914894e+00   2.7435897e+00
   4.2056738e+00   2.8461538e+00
   4.2312057e+00   3.0256410e+00
   4.2695035e+00   2.8974359e+00
   4.2893617e+00   3.0000000e+00
   4.3106383e+00   2.9230769e+00
   4.3276596e+00   3.2564103e+00
   4.3475177e+00   3.1794872e+00
   4.3730496e+00   3.2307692e+00
   4.3872340e+00   3.2307692e+00
   4.4085106e+00   3.2307692e+00
   4.4297872e+00   3.5641026e+00
   4.4468085e+00   3.5641026e+00
   4.4907801e+00   3.4871795e+00
   4.5092199e+00   3.7179487e+00
   4.5290780e+00   3.6923077e+00
   4.5489362e+00   3.7948718e+00
   4.5702128e+00   3.7948718e+00
   4.5886525e+00   3.9743590e+00
   4.6099291e+00   4.0769231e+00
   4.6283688e+00   4.2051282e+00
   4.6496454e+00   4.3076923e+00
   4.6680851e+00   4.4102564e+00
   4.6893617e+00   4.5897436e+00
   4.7092199e+00   4.7179487e+00
   4.7489362e+00   5.0000000e+00
   4.7687943e+00   5.1794872e+00
   4.7900709e+00   5.5128205e+00
   4.8113475e+00   5.0512821e+00
   4.8297872e+00   5.5128205e+00
   4.8468085e+00   5.9743590e+00
   4.8695035e+00   6.2820513e+00
   4.8893617e+00   6.5384615e+00
   4.9092199e+00   6.4358974e+00
   4.9304965e+00   6.9487179e+00
   4.9517730e+00   7.2564103e+00
   4.9687943e+00   8.1794872e+00
   4.9886525e+00   7.9230769e+00
   5.0099291e+00   8.5641026e+00
   5.0297872e+00   8.7435897e+00
   5.0496454e+00   9.8205128e+00
   5.0680851e+00   1.0256410e+01
   5.0879433e+00   1.0743590e+01
