8.466655922200501116e-01
8.467042250583756147e-01
8.467321745798591648e-01
8.467342228381665725e-01
8.467100115401144933e-01
8.466591268054943775e-01
8.465785651565586045e-01
8.464752535094764996e-01
8.463441182917275096e-01
8.461847077946079709e-01
8.459959466152672247e-01
8.457873618461694276e-01
8.455431923104861358e-01
8.452692261952418074e-01
8.449651360692611579e-01
8.446486347312528453e-01
8.442856589017124769e-01
8.438913726791913428e-01
8.434655160645335714e-01
8.430085226743885274e-01
8.425490656886527319e-01
8.420291792534857489e-01
8.414762478411004221e-01
8.408900744222038703e-01
8.402703649283675968e-01
8.396608762644717228e-01
8.389761184095886337e-01
8.382569515640765356e-01
8.375031205730467665e-01
8.367152921731277893e-01
8.359495705084289963e-01
8.350927141446948809e-01
8.342009271899456513e-01
8.332734408699584705e-01
8.323099677922577433e-01
8.313824828789485588e-01
8.303498252802791191e-01
8.292808199071376452e-01
8.281745301206352439e-01
8.270315927170625026e-01
8.259412818791116440e-01
8.247298021220080821e-01
8.234806857512769751e-01
8.221945501972336423e-01
8.208718761216506898e-01
8.196155548199313134e-01
8.182229914420260375e-01
8.167933385588667106e-01
8.153263438782073491e-01
8.139397827296349641e-01
8.124042088937087902e-01
8.108326299168709950e-01
8.092250975140780067e-01
8.075818344594500875e-01
8.060331478580587961e-01
8.043221578450540088e-01
8.025763702527825005e-01
8.007961330437113334e-01
7.989816150558329833e-01
7.972771030615324328e-01
7.953994668701999116e-01
7.934888409319108549e-01
7.915450019444484342e-01
7.895695404138799445e-01
7.877212938432588407e-01
7.856864120759528003e-01
7.836207167818198815e-01
7.815263316555038919e-01
7.794025931818039377e-01
7.774218166699941035e-01
7.752460977575750256e-01
7.730438104022273604e-01
7.708162049689647466e-01
7.685645533650620198e-01
7.664677118478828710e-01
7.641707109858237867e-01
7.618520656457152818e-01
7.595132856569356550e-01
7.571526003419573048e-01
7.549641995359469560e-01
7.525721587549641933e-01
7.501620015289565124e-01
7.477377959247661909e-01
7.452987689627341705e-01
7.430438161765926530e-01
7.405807118982614679e-01
7.381089979827607506e-01
7.356275665361908800e-01
7.333378561814827279e-01
7.308456284636438705e-01
7.283493585406373150e-01
7.258502719091393107e-01
7.233505842652124818e-01
7.210521986667272065e-01
7.185570705263719660e-01
7.160627852060138521e-01
7.135754467837304160e-01
7.110945904015654184e-01
7.088204018425333652e-01
7.063581888895765770e-01
7.039079261510756691e-01
7.014720206162291527e-01
6.990534555577017084e-01
6.968431992408149478e-01
6.944599266301973994e-01
6.920984585349254647e-01
6.897624288016287464e-01
6.874492302658180565e-01
6.853435404732506342e-01
6.830848715665907012e-01
6.808549786207958032e-01
6.786592216511979636e-01
6.764996873628406071e-01
6.745408914659828392e-01
6.724504359167633449e-01
6.704000554171879456e-01
6.683918932180232808e-01
6.664276393812127441e-01
6.646559818686763599e-01
6.627792148687595697e-01
6.609500696834680333e-01
6.591728659660537337e-01
6.575783804228680918e-01
6.559021038760213251e-01
6.542824113224058324e-01
6.527175254579119512e-01
6.512110559825702305e-01
6.498717761656100933e-01
6.484795876457419839e-01
6.471472521985751625e-01
6.458781288729916747e-01
6.446726561170962322e-01
6.436129524892204579e-01
6.425320960200290310e-01
6.415176024829500889e-01
6.405700694618055024e-01
6.396894027208395173e-01
6.389323895710394829e-01
6.381838094883651724e-01
6.375043943610186892e-01
6.368935327196757479e-01
6.363529872598818748e-01
6.359094732940867578e-01
6.355032941587346329e-01
6.351658318557791283e-01
6.348976624741160535e-01
6.346985636636667261e-01
6.345665706754460844e-01
6.344986761871578285e-01
6.344982852469461809e-01
6.345647857714378226e-01
6.346973532140910423e-01
6.348671413220199344e-01
6.351240294618666349e-01
6.354441489051515513e-01
6.358255397051710833e-01
6.362676105500603141e-01
6.367180838152518563e-01
6.372750159514682933e-01
6.378881084538117197e-01
6.385564276888928692e-01
6.392091372753372358e-01
6.399791354906653185e-01
6.408004166018644865e-01
6.416694289896800463e-01
6.425852632428737943e-01
6.434583855595468194e-01
6.444595903109713309e-01
6.455009567713434482e-01
6.465815117772327758e-01
6.476988836873454058e-01
6.487501083116581357e-01
6.499320500150693736e-01
6.511446794065050003e-01
6.523875799942113751e-01
6.536554473426391398e-01
6.548346402501153962e-01
6.561472009097853997e-01
6.574805437022758214e-01
6.588318519039932930e-01
6.601993499614929872e-01
6.614630634369715878e-01
6.628545383443846806e-01
6.642542018772651380e-01
6.656615345864486111e-01
6.670740414891759285e-01
6.683687654212178142e-01
6.697831682266409681e-01
6.711950155014160257e-01
6.726043886431870567e-01
6.740080300869059071e-01
6.752873352632631221e-01
6.766734198545443224e-01
6.780461043517440611e-01
6.794066942575128776e-01
6.806405131134241060e-01
6.819708195781061244e-01
6.832792192612419102e-01
6.845674213445691603e-01
6.858323609239442842e-01
