1.460403646088042628e-01
1.455289611139821693e-01
1.449480098245879978e-01
1.443436364845495090e-01
1.437158670974628683e-01
1.430645134963577370e-01
1.424478707579851511e-01
1.417496640933987306e-01
1.410268574647671747e-01
1.402784880739916251e-01
1.395036419047175902e-01
1.387714031661779757e-01
1.379444509721672318e-01
1.370907638025500863e-01
1.362090599358104503e-01
1.353769177772853327e-01
1.344402615031817239e-01
1.334742479457919351e-01
1.324784353769452028e-01
1.314523134420048089e-01
1.304856581634550317e-01
1.294003523628692864e-01
1.282829271106950553e-01
1.271337975264442144e-01
1.259516070369389173e-01
1.248396355911401967e-01
1.235936424876218909e-01
1.223136364596810188e-01
1.209993228202299043e-01
1.196501333048119453e-01
1.183828078070530698e-01
1.169657652199537212e-01
1.155124827056197012e-01
1.140228877760983139e-01
1.124965345716708032e-01
1.110649169045559437e-01
1.094667032893349434e-01
1.078310965310461667e-01
1.061566184469352470e-01
1.044434143597862130e-01
1.028383638823739399e-01
1.010500734364976894e-01
9.922212064643787244e-02
9.735428378299509911e-02
9.544618553792877380e-02
9.366071684850502121e-02
9.167475833240906757e-02
8.964770699146556998e-02
8.757961705739608638e-02
8.564606926414647381e-02
8.349810785876210506e-02
8.130720120115475513e-02
7.907541451483629524e-02
7.680199170514512286e-02
7.467887424174901589e-02
7.232398888172497653e-02
6.992666544928921590e-02
6.748592046080853502e-02
6.500333979943034857e-02
6.268748349705355327e-02
6.012267583902980439e-02
5.751511411138227059e-02
5.486526352120990602e-02
5.217125541557765533e-02
4.966254658580843140e-02
4.688815694481701657e-02
4.407189151812729300e-02
4.121350424871245144e-02
3.831306746455725998e-02
3.561407960588441890e-02
3.263397655514810314e-02
2.961180277267466687e-02
2.654861744229602971e-02
2.344428775636986373e-02
2.056034658027422468e-02
1.737898505330998100e-02
1.415797543989349982e-02
1.089860025305378066e-02
7.600180977124393333e-03
4.539151613970726640e-03
1.168031808410074923e-03
2.240988657017661811e-03
5.686013554527524771e-03
9.166466259064365296e-03
1.239197943697339932e-02
1.593953129715464101e-02
1.952077491482751004e-02
2.313411694402439656e-02
2.648072144646679282e-02
3.015533882892862394e-02
3.385974554629761490e-02
3.759391386783755840e-02
4.135636258869523907e-02
4.483498412700637203e-02
4.864932175036601469e-02
5.248814564829495932e-02
5.635061775093630487e-02
6.023601330676614518e-02
6.382408722284477198e-02
6.774937065610264764e-02
7.169363333987055498e-02
7.565526774151898337e-02
7.963315268837534155e-02
8.329985763637148821e-02
8.730328737198728151e-02
9.131795006724113817e-02
9.534235535494511860e-02
9.937586613663523805e-02
1.030873045567921031e-01
1.071303622121793087e-01
1.111760537797749637e-01
1.152228840536324017e-01
1.192674551436470054e-01
1.229843844100321215e-01
1.270206920400278605e-01
1.310505423346080001e-01
1.350701810071892606e-01
1.390779700267424368e-01
1.427512330857672040e-01
1.467306599749146345e-01
1.506899944628030674e-01
1.546304238628150030e-01
1.582346737704775630e-01
1.621263752997129659e-01
1.659888336465610847e-01
1.698214508138381762e-01
1.736206797629001597e-01
1.770851708973521510e-01
1.808118452838601287e-01
1.844975089753605468e-01
1.881386699323661094e-01
1.917320689185192939e-01
1.949984357181331340e-01
1.984944606455839866e-01
2.019359441992996662e-01
2.053200037484902152e-01
2.086440364942181991e-01
2.116507268653841645e-01
2.148514311639071750e-01
2.179849364313528326e-01
2.210475461122850538e-01
2.240369009198040495e-01
2.267273897856336151e-01
2.295720051201908529e-01
2.323372350831059974e-01
2.350215800510741526e-01
2.376228151151321966e-01
2.399498652133065235e-01
2.423885467113760517e-01
2.447395672461429306e-01
2.470036832215290190e-01
2.491772717812588411e-01
2.511070221870964070e-01
2.531080295225637822e-01
2.550195383504775815e-01
2.568392355792626924e-01
2.585685994346059169e-01
2.600892101207468166e-01
2.616454597004420068e-01
2.631130417088093365e-01
2.644925099543775082e-01
2.656952786056923643e-01
2.669096344642842289e-01
2.680398776829035490e-01
2.690873756060420119e-01
2.700542479630376747e-01
2.708853637507495082e-01
2.717030895800895407e-01
2.724487915233612667e-01
2.731217810471852636e-01
2.737249686384137792e-01
2.742309833433370092e-01
2.747079785236409832e-01
2.751229709685203417e-01
2.754792329992291067e-01
2.757783007095998551e-01
2.760154150641199178e-01
2.762131363959914876e-01
2.763618287651352645e-01
2.764634630750425481e-01
2.765229651927773591e-01
2.765486542504467238e-01
2.765307259608301704e-01
2.764747515141686152e-01
2.763850691962888018e-01
2.762635919440838417e-01
2.761329244117538551e-01
2.759544209115284419e-01
2.757492980713991404e-01
2.755210041316580871e-01
2.752704952815451245e-01
2.750279270243680685e-01
2.747360591985927858e-01
2.744281948974772178e-01
2.741024470694039539e-01
2.737946501576647429e-01
2.734393348763189402e-01
2.730722663324099964e-01
2.726918929869925901e-01
2.722993087599899220e-01
