1.192550200648211656e-01
1.188386581046501356e-01
1.183656886927448582e-01
1.178737024457337107e-01
1.173627205991596145e-01
1.168325958964887001e-01
1.163307951450589933e-01
1.157626516164767250e-01
1.151745504323905267e-01
1.145657181122093360e-01
1.139354288228867085e-01
1.133398868740351922e-01
1.126673559594339874e-01
1.119731720745161252e-01
1.112562985521217962e-01
1.105798368047131580e-01
1.098184795892786919e-01
1.090333708094128884e-01
1.082241610947308336e-01
1.073904364686480012e-01
1.066051858974541022e-01
1.057236482472503070e-01
1.048161790315547959e-01
1.038831184435296956e-01
1.029233927446697866e-01
1.020208656238731498e-01
1.010097137940385997e-01
9.997116840290611040e-02
9.890501183799038643e-02
9.781078615143416755e-02
9.678322848237780329e-02
9.563452810246558800e-02
9.445672446721549431e-02
9.324983249623745862e-02
9.201348642053577831e-02
9.085425060732073288e-02
8.956042552470459828e-02
8.823674523364820332e-02
8.688210117318148629e-02
8.549662433573120002e-02
8.419905148109561865e-02
8.275386727881234306e-02
8.127729191355319294e-02
7.976919611594077142e-02
7.822932981276314868e-02
7.678913763109838919e-02
7.518802462305594625e-02
7.355480981069491275e-02
7.188963167413482680e-02
7.033372398868295572e-02
6.860658162143666583e-02
6.684634831474650651e-02
6.505486038703832408e-02
6.323171257917767352e-02
6.153082923986055025e-02
5.964641797187437283e-02
5.773056093650080767e-02
5.578289680270455408e-02
5.380511877359466649e-02
5.196331950315834919e-02
4.992764738840512612e-02
4.786288937106730756e-02
4.577040275259885993e-02
4.364982738528824791e-02
4.168185090371294421e-02
3.951473394949522877e-02
3.732624134420556294e-02
3.511873504191893869e-02
3.289598473690816260e-02
3.084573145255273957e-02
2.860771075132876456e-02
2.637216317993572659e-02
2.415084815539183388e-02
2.195923819012370742e-02
1.999417578083906646e-02
1.793317470511936879e-02
1.600352152204379333e-02
1.427650163114365864e-02
1.285378220257113284e-02
1.192631910926349181e-02
1.145781434464245366e-02
1.164055873136343733e-02
1.246468592448019171e-02
1.383384775481636894e-02
1.545947126603154122e-02
1.752995545980851402e-02
1.982675188901878230e-02
2.229015444839175727e-02
2.466361935883761361e-02
2.734434043493930502e-02
3.010481853191245005e-02
3.293162968477622576e-02
3.581415800550009215e-02
3.850267878817605072e-02
4.147189524937008182e-02
4.447833522180950211e-02
4.751760496285439839e-02
5.058717872842956320e-02
5.343048435378681266e-02
5.654971706231503442e-02
5.969146423958980596e-02
6.285341175850539530e-02
6.603376978535979713e-02
6.896947248389941054e-02
7.217909009988050795e-02
7.540141648106654659e-02
7.863479919264509954e-02
8.187882565555723580e-02
8.486602720563042601e-02
8.812260983908788703e-02
9.138370458600215962e-02
9.464773225413306013e-02
9.791179270758088027e-02
1.009130577165319176e-01
1.041738753670019557e-01
1.074310455895661626e-01
1.106814538737185966e-01
1.139236506762727474e-01
1.168964731086141740e-01
1.201183093566899895e-01
1.233251686095871019e-01
1.265178504950274230e-01
1.294392338548185084e-01
1.325946154137116473e-01
1.357273692526606845e-01
1.388370044418540394e-01
1.419205854910667586e-01
1.447334300670652663e-01
1.477600160322578571e-01
1.507543230231629949e-01
1.537133952253537383e-01
1.566345634844003021e-01
1.592907357531327395e-01
1.621344319062364425e-01
1.649345877543555161e-01
1.676888429109925083e-01
1.703950368988350061e-01
1.728435650792397582e-01
1.754507378112133420e-01
1.780038589652012948e-01
1.804998683877837296e-01
1.829367802049027547e-01
1.851305851101860411e-01
1.874505560944548233e-01
1.897062841917746268e-01
1.918964854921138274e-01
1.940192915025190923e-01
1.959186774225976091e-01
1.979094891811395140e-01
1.998290314327554884e-01
2.016778702668776957e-01
2.034529980937792859e-01
2.050291338612107439e-01
2.066636090921183944e-01
2.082250826904605279e-01
2.097116258923472087e-01
2.111244149254383751e-01
2.123666606117883271e-01
2.136380308813193574e-01
2.148369264731124773e-01
2.159637845495435138e-01
2.169462172023699231e-01
2.179380530583810704e-01
2.188610902804561387e-01
2.197164410682842239e-01
2.205058402410341178e-01
2.211842763997255434e-01
2.218516784537174491e-01
2.224601739576961001e-01
2.230092101168046903e-01
2.235011804664138457e-01
2.239137866684788869e-01
2.243026249887137558e-01
2.246408143852080541e-01
2.249310510210555947e-01
2.251745977345705474e-01
2.253676285404714041e-01
2.255285094041452332e-01
2.256494263705315084e-01
2.257320066391207969e-01
2.257802891803125100e-01
2.258010896174417192e-01
2.257863927451781993e-01
2.257407775545465789e-01
2.256677989998094880e-01
2.255690308681992662e-01
2.254628946457696015e-01
2.253179265827248423e-01
2.251514237117176187e-01
2.249662088944990035e-01
2.247630684870789985e-01
2.245665160562110296e-01
2.243300409142470753e-01
2.240807358580483299e-01
2.238170609326673166e-01
2.235680893660269286e-01
2.232807261139680144e-01
2.229840138802449134e-01
2.226766809617716780e-01
2.223596289746502530e-01
