7.925886907401495929e-01
7.972050946298023799e-01
8.017066288979866062e-01
8.061329439457112223e-01
8.105306103734400969e-01
8.149256414845543750e-01
8.194210667943372384e-01
8.240578921483396879e-01
8.288939897175175986e-01
8.339968539055906405e-01
8.394307585638242086e-01
8.452649563402198085e-01
8.515592237590735580e-01
8.583762025760315328e-01
8.657668659131627642e-01
8.737713449365589469e-01
8.823571514451340470e-01
8.916397563205137322e-01
9.015500144187489351e-01
9.120382723665847458e-01
9.230103093683775795e-01
9.343270556349065892e-01
9.457904172441903290e-01
9.571418309932295809e-01
9.680330806438839364e-01
9.780488418646111626e-01
9.866781980186069001e-01
9.932907494690990102e-01
9.973430175527803199e-01
9.980464475690625781e-01
