9.958237656035839880e-02
9.686393587552788453e-02
9.211957683704924404e-02
8.486133901242565170e-02
7.460193844759716031e-02
6.100581574343860725e-02
4.347908160237429209e-02
2.184542018922763784e-02
3.985278547814274930e-03
3.387698532454569422e-02
6.739854414041818176e-02
1.037673408261121089e-01
1.417693290058177347e-01
1.796958480739826447e-01
2.152556190236613043e-01
2.456287453027935219e-01
2.677712268156668407e-01
2.802093924904352495e-01
2.832515527540698796e-01
2.796758319677465909e-01
2.728959061034956224e-01
2.656164792489776327e-01
2.594602505778439983e-01
2.551425118584163543e-01
2.527273430152212619e-01
2.518840556153065791e-01
2.520477072514325512e-01
2.525552674427697930e-01
2.527401575960637747e-01
2.519462547827108767e-01
