1.027099340218572721e+01
1.025422648955007787e+01
1.022396941510883117e+01
1.027966991842757416e+01
1.024707147806954843e+01
1.024569247780327252e+01
1.025781122144452517e+01
1.025715280051525902e+01
1.024784399168175497e+01
1.028745700731667689e+01
1.025671379671659800e+01
1.025023762541484373e+01
1.026316926620288683e+01
1.025888627506199313e+01
1.025448603104869605e+01
1.026767482202071946e+01
1.022987817043264336e+01
1.025823008389658675e+01
1.027003145318536070e+01
1.023123334124726291e+01
1.026446710094628934e+01
1.027075503371362153e+01
1.026190482399426962e+01
1.026858595623292914e+01
1.027261785601283783e+01
1.026074605250486371e+01
1.027380306393458831e+01
1.027590982864651892e+01
1.026544559893352648e+01
1.027875399219305841e+01
1.026205123319001977e+01
1.026607496123079777e+01
1.031138613346358213e+01
1.025554786542471319e+01
1.027088195618400590e+01
1.028548360245885007e+01
1.027926823298599324e+01
1.027491221450415537e+01
1.029083457969044346e+01
1.028055915117398023e+01
1.028032811310917261e+01
1.030904845899560485e+01
1.027986299326619957e+01
1.030325740481134211e+01
1.029361212725998165e+01
1.028121748196658913e+01
1.029055011965247424e+01
1.029769789393161439e+01
1.028481656666662047e+01
1.029759463798783692e+01
1.030048249064944699e+01
1.025895279833798668e+01
1.033774573589195533e+01
1.028644539902808930e+01
1.028946167654162203e+01
1.030718157358989373e+01
1.028232983403374590e+01
1.029647667650702836e+01
1.031161465961531931e+01
1.030427836634625827e+01
1.029747606095400769e+01
1.031641192897538417e+01
1.027037257292279726e+01
1.030775309538785756e+01
1.034418435691507021e+01
1.030840078700696338e+01
1.031432670776677440e+01
1.032469085687914578e+01
1.030847439102270613e+01
1.034268722778354288e+01
1.032773418499612816e+01
1.031246779601510788e+01
1.032794819953276821e+01
1.033050845600290479e+01
1.031589352324747999e+01
1.033338297270135619e+01
1.033349374563733747e+01
1.032041887032141148e+01
1.035878646085077115e+01
1.033582407793631752e+01
1.032515822971411268e+01
1.034547125946443735e+01
1.033788293133791747e+01
1.033136940727624875e+01
1.035113171647057584e+01
1.030459075393539869e+01
1.033771312213283977e+01
1.035638647723396311e+01
1.033654792436816550e+01
1.034715039257569380e+01
1.036090096229892232e+01
1.034336551057992182e+01
1.037242725442488656e+01
1.036433245805378789e+01
1.034788699611770468e+01
1.036352036953925904e+01
1.037187789739963861e+01
1.035272387332926058e+01
1.037293508037063638e+01
1.037598646351480447e+01
1.035688432505746448e+01
1.041377143755034673e+01
1.037907772667477602e+01
1.036444959937599286e+01
1.038587013295497741e+01
1.038191561273023389e+01
1.037442649890549617e+01
1.039442070391966766e+01
1.038347257099369259e+01
1.038158706232306727e+01
1.040182603531203398e+01
1.038766468099017537e+01
1.039170184979253087e+01
1.040653035518415948e+01
1.039060437448132568e+01
1.040066959587684181e+01
1.041525266753383683e+01
1.039421109003598964e+01
1.041157053329352422e+01
1.044269664508247430e+01
1.040095149543723885e+01
1.042035508196923921e+01
1.044228484425580739e+01
1.040988863556481192e+01
1.042908650157797190e+01
1.043247210935929026e+01
1.041836390540090385e+01
1.043805322509327382e+01
1.043840926260930502e+01
1.042650164830667592e+01
1.044789623035165782e+01
1.044441645320396006e+01
1.043667892926426433e+01
1.045548423547538697e+01
1.044178766981838891e+01
1.044887731690096722e+01
1.046425754535200170e+01
1.045775696364607299e+01
1.045924051444822034e+01
1.047533055270924152e+01
1.046318494638952856e+01
1.047010004249425563e+01
1.048329981369007413e+01
1.044631121525847917e+01
1.048253129290210239e+01
1.049327121511575278e+01
1.048095903652566818e+01
1.048802071724406382e+01
1.052590224177202849e+01
1.048967196513776479e+01
1.050244746700864162e+01
1.051501633661666624e+01
1.050154243782749042e+01
1.051338037903848210e+01
1.052483066546038337e+01
1.051444225050209980e+01
1.052434045811837748e+01
1.052556522473529377e+01
1.052534235568789533e+01
1.053817801429435086e+01
1.053706075285146682e+01
1.053409944826268863e+01
1.054945368473181411e+01
1.055081132019826562e+01
1.054700464528207604e+01
1.055912924701403988e+01
1.057144537168253429e+01
1.056067208369386456e+01
1.057818478002819162e+01
1.058594542255611337e+01
1.057267996877959249e+01
1.058795430533408499e+01
1.061512467443125374e+01
1.053944210805815196e+01
1.060977427308391619e+01
1.061090873285479752e+01
1.055062625355060746e+01
1.062689461665691049e+01
1.064334826205829465e+01
1.056012978958009008e+01
1.065109076489309992e+01
1.065830076109854829e+01
1.062698309042331601e+01
1.064901251032017804e+01
1.067278143310243621e+01
1.057381264043271685e+01
1.068781466795013202e+01
1.068698779570074997e+01
1.058165405523803493e+01
1.073050572487066212e+01
1.070239912501123314e+01
1.059026877106220432e+01
1.071614178013722096e+01
1.071445139790665024e+01
1.068057164906635848e+01
1.079802665809743267e+01
1.072773472371056869e+01
1.060986299839705005e+01
1.083318204079412794e+01
1.074437944327038963e+01
1.071515189309294769e+01
