9.816725362113208897e-01
9.855765953835294857e-01
9.806996650721191422e-01
9.822956699668522473e-01
9.851239903743713722e-01
9.803330463147870155e-01
9.823012482206370244e-01
9.850604625651363522e-01
9.795907186358929764e-01
9.836898528336782688e-01
9.844685093265335141e-01
9.790327143256034592e-01
9.839116329305573894e-01
9.836785783638262171e-01
9.787223323230570537e-01
9.846176748791921618e-01
9.822161556292698936e-01
9.787061390229185864e-01
9.851597527666242637e-01
9.812784990872005508e-01
9.789971855191318406e-01
9.854775197562596345e-01
9.804676881288539869e-01
9.795832925589418316e-01
9.855304223382240769e-01
9.793037157382661340e-01
9.804093722137262601e-01
9.852992642505968846e-01
9.782320859820883285e-01
9.814044087655555693e-01
9.841492996361347334e-01
9.773324386711288447e-01
9.825335021402069602e-01
9.834230930529733739e-01
9.766973120670624509e-01
9.835071174461403887e-01
9.829085349221132750e-01
9.763942079599149393e-01
9.844098342232457943e-01
9.816290783636312245e-01
9.764666345039042517e-01
9.843390472251913881e-01
9.801903263946891709e-01
9.776789027987462521e-01
9.855114205777716352e-01
9.786782033343058851e-01
9.777326860270550979e-01
9.855883044152300432e-01
9.771883086631836246e-01
9.788299288825609290e-01
9.853060060981795321e-01
9.770819448601152368e-01
9.799558691453092996e-01
9.837952716841182887e-01
9.746890464760404882e-01
9.814900549983061051e-01
9.830748780452223112e-01
9.739010228795296209e-01
9.828222982177571287e-01
9.822912392500940948e-01
9.751212807758962153e-01
9.839999554196352527e-01
9.810374893660372964e-01
9.736203918000998492e-01
9.832475985608816194e-01
9.788401523597622944e-01
9.741798879593022154e-01
9.855299646845626649e-01
9.769033770771243796e-01
9.758210091490834293e-01
9.857307940881564479e-01
9.749882359091929240e-01
9.765089512757140211e-01
9.854943336959903766e-01
9.732214037271513796e-01
9.780973599110868166e-01
9.848002318938118282e-01
9.717347187251199614e-01
9.791881143959082490e-01
9.836493881933594530e-01
9.706496375569984014e-01
9.814908441472932621e-01
9.820750986347503986e-01
9.700594429117174178e-01
9.830406062087446717e-01
9.808822020318807011e-01
9.725379678808553363e-01
9.843316010141424099e-01
9.784792851414221282e-01
9.705325729174802962e-01
9.852634546678570304e-01
9.755120536483562477e-01
9.728340984201540032e-01
9.857539618420596561e-01
9.730973892743123299e-01
9.730337570019150784e-01
9.857422752119261444e-01
9.708129342118736460e-01
9.748290079373400641e-01
9.851957869758505293e-01
9.688044980189043365e-01
9.752244544629037337e-01
9.841003465621143143e-01
9.672280946243089206e-01
9.788703410648278425e-01
9.824759192071197411e-01
9.661858893114836366e-01
9.808258774211110476e-01
9.803693104848271167e-01
9.657427392499738916e-01
9.825685359094714633e-01
9.778768356904377068e-01
9.659268227151864838e-01
9.839818024803346219e-01
9.751094501014104798e-01
9.667125374419806016e-01
9.849520007744169137e-01
9.722210025358043461e-01
9.680296788555953214e-01
9.807944042964781284e-01
9.713295996180043579e-01
9.697730259556456289e-01
9.811961064558650802e-01
9.667495549425916268e-01
9.718163524047827018e-01
9.845705379911789956e-01
9.644846011212476755e-01
9.740181078099159340e-01
9.832386204559939724e-01
9.627137245419250533e-01
9.762381028089077706e-01
9.813321864463081523e-01
9.615386962465143350e-01
9.783408350298746781e-01
9.784618126073038047e-01
9.610057466797693460e-01
9.801946893594442045e-01
9.761143400130264380e-01
9.611048711504499575e-01
9.816860762462713552e-01
9.730406315561787034e-01
9.617908666879506629e-01
9.827312173544892060e-01
9.764155976699832040e-01
9.629888854568463552e-01
9.832402884725743863e-01
9.667579275804207839e-01
9.665302232380906799e-01
9.770794754436212814e-01
9.638683402855023896e-01
9.664295969871817826e-01
9.824870828725590366e-01
9.613555392622517015e-01
9.684179200806692922e-01
9.812146568834864135e-01
9.593247194935132782e-01
9.704045007020992708e-01
9.783958051964152247e-01
9.578391407446239514e-01
9.739071687156125590e-01
9.762132195554827918e-01
9.604844301824024821e-01
9.751501752337924378e-01
9.738218920931211997e-01
9.600689724674570380e-01
9.760156663069734506e-01
9.714691464839577684e-01
9.600762647941489814e-01
9.679233621167123713e-01
9.684569815039418827e-01
9.604534013280768834e-01
9.762599440752711688e-01
9.739394779809783520e-01
9.634406828241216525e-01
9.673345826293767713e-01
9.642011159308564450e-01
9.625149875552557743e-01
9.670577282662184970e-01
9.719007887156368986e-01
9.617068322384101364e-01
9.671109467170044827e-01
9.708181581611321498e-01
9.639520197133937263e-01
9.710976618961294493e-01
9.697393870583832509e-01
9.602818665422062638e-01
9.652802580241769403e-01
9.687037421149899963e-01
9.595081129391400676e-01
9.654718395817657450e-01
9.677503782538668942e-01
9.586198360720992184e-01
9.641444779288319555e-01
9.669149500230534988e-01
9.647238720716895255e-01
9.641830483325978252e-01
9.662185364517912323e-01
9.563766013904740904e-01
9.635355512851621063e-01
9.676507457864953476e-01
9.621666904641293927e-01
