8.921710673005079917e-01
8.940690305053302644e-01
8.938262057350359058e-01
8.909942829581368740e-01
8.851325488210373127e-01
8.759314572279930378e-01
8.629001483967115860e-01
8.459033123375673258e-01
8.249087111697033237e-01
8.001198685810448907e-01
7.720322144234059714e-01
7.414976155141077552e-01
7.097898947532558234e-01
6.786803545020488881e-01
6.505112468895014599e-01
6.281425996337653972e-01
6.145859246294671507e-01
6.114303638300784272e-01
6.182984616646790554e-01
6.323624403988381548e-01
6.501144032648820126e-01
6.687105763859289009e-01
6.863301666663463863e-01
7.019993191348132822e-01
7.153057376286626745e-01
7.261647862493045835e-01
7.346304907671743489e-01
7.407354820263292172e-01
7.446028599567164896e-01
7.461001927863517569e-01
