8.798046567832588094e-01
8.798863993105195958e-01
8.775847498009832215e-01
8.724663027671536453e-01
8.641273849874243629e-01
8.523448342848188863e-01
8.366870896893683351e-01
8.171854927874094843e-01
7.940123077073856228e-01
7.676252278062011269e-01
7.388295681816168248e-01
7.088048061112800502e-01
6.791089662373948066e-01
6.516429706514109688e-01
6.285632144741383209e-01
6.121040802330123265e-01
6.042243496572464734e-01
6.056122640018848369e-01
6.154004049763330819e-01
6.310004315945653142e-01
6.494273855628162062e-01
6.682710087824158540e-01
6.859699546723151409e-01
7.016745123368766102e-01
7.150208273664645509e-01
7.259284332412324625e-01
7.344403350951411724e-01
7.405629599426424292e-01
7.443904650171985216e-01
7.457615485115652865e-01
