9.917534438608663905e-01
9.909329663808581490e-01
9.859457825720850943e-01
9.758556219705625256e-01
9.597344872686344175e-01
9.369372729714315895e-01
9.063792299990858226e-01
8.677487325267949636e-01
8.209234326218890487e-01
7.662428832564992520e-01
7.046336702829878451e-01
6.377302746879955908e-01
5.680205657474380887e-01
4.989845064280662434e-01
4.352556278658401556e-01
3.825138543309719030e-01
3.468146978138003655e-01
3.312209713396432331e-01
3.350469089106091203e-01
3.526866084310915639e-01
3.772184971613863347e-01
4.030940971369513237e-01
4.268699160885023880e-01
4.468568072763968724e-01
4.625783946134414681e-01
4.742807306339980045e-01
4.825827835157417978e-01
4.881802145835594242e-01
4.918627023606527149e-01
4.941539380036408247e-01
