8.550718357487602228e-01
8.515211369208980363e-01
8.451018379328778529e-01
8.354103423851871879e-01
8.221170573201983522e-01
8.051715883984703614e-01
7.842609722746818335e-01
7.597498536870938013e-01
7.322195007827501101e-01
7.026359462565135994e-01
6.724242756980385316e-01
6.434191873056244182e-01
6.177471092056726620e-01
5.975682029501350190e-01
5.846671496434120430e-01
5.800270414315060741e-01
5.835011997128048966e-01
5.939760643454976563e-01
6.096042915996411349e-01
6.282764139860195218e-01
6.480533501586845935e-01
6.673918735753897602e-01
6.852495306842526501e-01
7.010248987410032662e-01
7.144510068420684146e-01
7.254557272250881095e-01
7.340600237510749304e-01
7.402179157752686312e-01
7.439656751381624744e-01
7.450842599619920126e-01
