8.316823932508697614e-02
8.159274132798184642e-02
7.864422466276144164e-02
7.407790947758643996e-02
6.776970780110064263e-02
5.994828827199209786e-02
5.132773049966779522e-02
4.435735085560001123e-02
4.381510915823921826e-02
5.363677328063837929e-02
7.234091006993707829e-02
9.651984383904822773e-02
1.236190405251713087e-01
1.516215863951833331e-01
1.784752642095016051e-01
2.018335664728567458e-01
2.191247994759792372e-01
2.289379166159700441e-01
2.313102366019832989e-01
2.283624840625096963e-01
2.228206925579650222e-01
2.168758380697071164e-01
2.118490199614802560e-01
2.083234950036282340e-01
2.063514048560623204e-01
2.056627418233520355e-01
2.057962669053104710e-01
2.062106566995622059e-01
2.063616931450120429e-01
2.057138130816194566e-01
