7.044403111957278085e-01
7.051482227621855836e-01
7.059298266274544043e-01
7.067135016249174173e-01
7.074980840777933544e-01
7.082833787923359381e-01
7.089943242587322114e-01
7.097812772996213715e-01
7.105682820325395221e-01
7.113563849082877866e-01
7.121465438909203582e-01
7.128621364617718781e-01
7.136554964898988995e-01
7.144496767911674429e-01
7.152455929138621382e-01
7.159666242925983859e-01
7.167657534386517870e-01
7.175667527795961398e-01
7.183697076720549912e-01
7.191748819780134916e-01
7.199039758711940351e-01
7.207127936943095170e-01
7.215247717579010844e-01
7.223384047496860250e-01
7.231555863818159846e-01
7.238960827278078103e-01
7.247186889292239753e-01
7.255442687714506178e-01
7.263728291726651021e-01
7.272047493161261089e-01
7.279591814179051656e-01
7.287975929422197963e-01
7.296395450861524745e-01
7.304859374749760326e-01
7.313354427143418102e-01
7.321065243394273558e-01
7.329635525975837229e-01
7.338238215315707746e-01
7.346893302579259322e-01
7.355591871165501061e-01
7.363495763833723950e-01
7.372281399810117763e-01
7.381115119709541483e-01
7.389997582033376311e-01
7.398930051953267473e-01
7.407055267637326912e-01
7.416078401533244824e-01
7.425164188540287480e-01
7.434300991728288732e-01
7.442624248826986699e-01
7.451874289913641425e-01
7.461197461791937435e-01
7.470565847797916437e-01
7.479985782188875998e-01
7.488582870762867660e-01
7.498124944528975488e-01
7.507732771506657743e-01
7.517423505307266884e-01
7.527174340646900497e-01
7.536074485799801881e-01
7.545966365714158464e-01
7.555922831263746087e-01
7.565943695484331766e-01
7.576062973580631743e-01
7.585304234529729461e-01
7.595555697672317086e-01
7.605874196090789408e-01
7.616272868621554171e-01
7.626761590239454769e-01
7.636361170147768496e-01
7.647000305090304595e-01
7.657732893342324987e-01
7.668551579033031640e-01
7.679464074924451378e-01
7.689457731703898125e-01
7.700534333734989634e-01
7.711709372962948228e-01
7.722968470932340956e-01
7.734312902226639919e-01
7.744719853903543338e-01
7.756254790575934921e-01
7.767893725257104531e-01
7.779628707481135441e-01
7.791455256501904625e-01
7.802308590358388862e-01
7.814329116390814622e-01
7.826451371220627395e-01
7.838668091253863102e-01
7.849907391257874290e-01
7.862333851817856489e-01
7.874856414169796315e-01
7.887484931557886547e-01
7.900228792224829322e-01
7.911957945175686069e-01
7.924919990476729792e-01
7.937983875118930222e-01
7.951148746214903307e-01
7.964433501806037485e-01
7.976671314672761914e-01
7.990171074406436924e-01
8.003783203644468935e-01
8.017509061353259581e-01
8.031354806746008324e-01
8.044113027854477016e-01
8.058173769795701213e-01
8.072339907555087235e-01
8.086621232342027232e-01
8.101049395522638141e-01
8.114333340072423795e-01
8.128963077986721686e-01
8.143709470209863355e-01
8.158577846457600868e-01
8.173555331628045151e-01
8.187391169592984630e-01
8.202584984356577902e-01
8.217901912953957666e-01
8.233333512414442446e-01
8.248872137033682606e-01
8.263225730273744407e-01
8.278994741370415689e-01
8.294870292391109956e-01
8.310875390311919242e-01
8.325666425970991158e-01
8.341873609973609049e-01
8.358197417798900464e-01
8.374633402847561081e-01
8.391186288149153905e-01
8.406490159412600693e-01
8.423233297783053741e-01
8.440102025908456929e-01
8.457068822488886806e-01
8.474129217744706954e-01
8.489918235512073919e-01
8.507183223492857937e-01
8.524538461582872317e-01
8.541999677874706487e-01
8.559562211939082399e-01
8.575795729624022812e-01
8.593529834223305741e-01
8.611359754882903506e-01
8.629268856116364406e-01
8.647253306675672935e-01
8.663882771543534034e-01
8.682030470032137126e-01
8.700253199276339888e-01
8.718546701012989120e-01
8.736917248689380910e-01
8.753900982591579227e-01
8.772391535299540744e-01
8.790936734330294655e-01
8.809548532976084756e-01
8.828198107893679980e-01
8.845437724998398421e-01
8.864184639291492473e-01
8.882985186596698002e-01
8.901811577548767174e-01
8.920664160360302075e-01
8.938070000155186046e-01
8.956959866618233734e-01
8.975873191656335015e-01
8.994796799574280577e-01
9.012258301730532439e-01
9.031180327092309668e-01
9.050104523066703210e-01
9.069008988569525753e-01
9.087892406732720474e-01
9.105309175557759760e-01
9.124148958532756204e-01
9.142961910995891506e-01
9.161729615389320180e-01
9.180438898762052213e-01
9.197669518608853068e-01
9.216261104760447020e-01
9.234779853795666016e-01
9.253219615371691686e-01
9.271568718276528287e-01
9.288430890099944603e-01
9.306578860969434430e-01
9.324621185614822005e-01
9.342534658430928785e-01
9.360334149168556550e-01
9.376655635188917426e-01
9.394163880607779848e-01
9.411523382364230805e-01
9.428714373846442953e-01
9.445737115626983149e-01
9.461295862241153598e-01
9.477940219891916040e-01
9.494363081057751730e-01
9.510591610826146791e-01
9.526592920169615342e-01
9.541177182501335841e-01
9.556692892281147822e-01
9.571955658183348703e-01
9.586947919236840088e-01
9.600544388131042606e-01
9.614980416168532606e-01
9.629111416744018381e-01
9.642923503893104931e-01
9.656403337690835365e-01
