   4.1503546e+00   1.0051282e+01
   4.1702128e+00   9.2051282e+00
   4.1886525e+00   8.4871795e+00
   4.2099291e+00   1.0076923e+01
   4.2326241e+00   1.0153846e+01
   4.2709220e+00   1.0000000e+01
   4.2921986e+00   1.0051282e+01
   4.3120567e+00   9.7692308e+00
   4.3319149e+00   9.9487179e+00
   4.3503546e+00   9.6153846e+00
   4.3716312e+00   8.4358974e+00
   4.3886525e+00   9.9230769e+00
   4.4099291e+00   1.0717949e+01
   4.4312057e+00   8.3846154e+00
   4.4510638e+00   9.1538462e+00
   4.4907801e+00   9.8717949e+00
   4.5092199e+00   8.7692308e+00
   4.5290780e+00   9.8205128e+00
   4.5517730e+00   1.0025641e+01
   4.5716312e+00   9.9487179e+00
   4.5914894e+00   8.3076923e+00
   4.6085106e+00   9.3333333e+00
   4.6326241e+00   9.3076923e+00
   4.6510638e+00   8.6153846e+00
   4.6695035e+00   9.8974359e+00
   4.6907801e+00   9.2307692e+00
   4.7120567e+00   8.7692308e+00
   4.7503546e+00   9.1282051e+00
   4.7716312e+00   8.7179487e+00
   4.7900709e+00   7.7948718e+00
   4.8085106e+00   8.4871795e+00
   4.8326241e+00   8.2051282e+00
   4.8510638e+00   8.2051282e+00
   4.8709220e+00   8.3589744e+00
   4.8936170e+00   8.1538462e+00
   4.9106383e+00   8.2564103e+00
   4.9319149e+00   8.2051282e+00
   4.9503546e+00   7.9743590e+00
   4.9702128e+00   7.5128205e+00
   4.9914894e+00   8.0769231e+00
   5.0099291e+00   7.4615385e+00
   5.0297872e+00   7.9743590e+00
   5.0482270e+00   7.4615385e+00
   5.0737589e+00   7.5641026e+00
   5.0907801e+00   7.2820513e+00
