  -7.5187970e-01  -4.9019608e-02
   1.1278195e+00  -9.8039216e-02
   1.1278195e+00  -1.3725490e-01
   3.0075188e+00  -2.0098039e-01
   4.5112782e+00  -2.8921569e-01
   6.0150376e+00  -3.3823529e-01
   7.5187970e+00  -3.9705882e-01
   9.3984962e+00  -4.8529412e-01
   1.0902256e+01  -5.4411765e-01
   1.4661654e+01  -6.7156863e-01
   1.6917293e+01  -7.5980392e-01
   2.1052632e+01  -8.5294118e-01
   2.4812030e+01  -9.6568627e-01
   2.6691729e+01  -1.0245098e+00
   2.8571429e+01  -1.0882353e+00
   3.2706767e+01  -1.1421569e+00
   3.7218045e+01  -1.2205882e+00
   4.3233083e+01  -1.3284314e+00
   5.1503759e+01  -1.4607843e+00
   5.9022556e+01  -1.5588235e+00
   6.7669173e+01  -1.6617647e+00
   7.4812030e+01  -1.7500000e+00
   8.3834586e+01  -1.8235294e+00
   9.3609023e+01  -1.9019608e+00
   1.0375940e+02  -1.9901961e+00
   1.1127820e+02  -2.0686275e+00
   1.1804511e+02  -2.1176471e+00
   1.2744361e+02  -2.1960784e+00
   1.3345865e+02  -2.2352941e+00
   1.3796992e+02  -2.2745098e+00
   1.4323308e+02  -2.3186275e+00
   1.4924812e+02  -2.3627451e+00
   1.5413534e+02  -2.4068627e+00
   1.5676692e+02  -2.4362745e+00
   1.6015038e+02  -2.4558824e+00
   1.6654135e+02  -2.4950980e+00
   1.7180451e+02  -2.5392157e+00
   1.7556391e+02  -2.5833333e+00
   1.7894737e+02  -2.6078431e+00
   1.8233083e+02  -2.6323529e+00
   1.8496241e+02  -2.6421569e+00
