9.803330463147870155e-01
9.836674418394604213e-01
9.798206112254908007e-01
9.786891174561078710e-01
9.818863312266580268e-01
9.714868071465412314e-01
9.774685654479473573e-01
9.819384196352474170e-01
9.815048002596149512e-01
9.823885718977793946e-01
9.828725142347899402e-01
9.793037418591461485e-01
9.793359303869115795e-01
9.829283710781537842e-01
9.827757181837684097e-01
9.799842146019525080e-01
9.829572842646223663e-01
9.786462620178574268e-01
9.813495152852202974e-01
9.844699434954815587e-01
9.798576992604639546e-01
9.805346278972294494e-01
9.909405482049613578e-01
9.922952765067099001e-01
9.879881001508226124e-01
9.835001583382130264e-01
9.849063254464626160e-01
9.833811582404606844e-01
9.801727948006032642e-01
9.804313023799059446e-01
9.838414105362583983e-01
9.805785397264564773e-01
9.837006144051263501e-01
9.834356084380806440e-01
9.801205993722148513e-01
9.835806805820083154e-01
9.811121299350596958e-01
9.795443655877178468e-01
9.798949804458002566e-01
9.832696694104632318e-01
9.761642952560702913e-01
9.803466612943964043e-01
9.795973873991812297e-01
9.785860711537104351e-01
9.826339811117100753e-01
9.813447624913127498e-01
9.774573589197704804e-01
9.817976094557506750e-01
9.833883408920823799e-01
9.779434085109042218e-01
9.821834879622068915e-01
9.812330355462145492e-01
9.779575949263316081e-01
9.826157111040582093e-01
9.773664383672363565e-01
9.782182514810106033e-01
9.829021010044656226e-01
9.795514267831320065e-01
9.786373093006325297e-01
9.803565810842587158e-01
9.787612981927739098e-01
9.830499960609149213e-01
9.794060748743910194e-01
9.780915908530338765e-01
9.799375578777589357e-01
9.825706877051211263e-01
9.783878941600149259e-01
9.806454763505104699e-01
9.799178182377675794e-01
9.772415343379302621e-01
9.806983626373384499e-01
9.797807182733011544e-01
9.793886233808646313e-01
9.819316488593997638e-01
9.807044736378972560e-01
9.807734717270094604e-01
9.816659673318620660e-01
9.795635847668341389e-01
9.775327189459295241e-01
9.826888617008132654e-01
9.757906389246432388e-01
9.781837181213201005e-01
9.828164316962071378e-01
9.777936465128047594e-01
9.828334930576990702e-01
9.826180018965922081e-01
9.771060824865023253e-01
9.797748259803644721e-01
9.776157993588806550e-01
9.766207225430919570e-01
9.832423616081069628e-01
9.815102784755453946e-01
9.780434740163872487e-01
9.814211519892480640e-01
9.807329787490066675e-01
9.764599588615632264e-01
9.825755362013524064e-01
9.795085122182282111e-01
9.765998546982945783e-01
9.817891448237069385e-01
9.785395824822721300e-01
9.810818736340664037e-01
9.808209185887378778e-01
9.775454722943119901e-01
9.778484759896803880e-01
9.827124919777922019e-01
9.766572423066431918e-01
9.787235061837293859e-01
9.783816043268321883e-01
9.759464391516211590e-01
9.796864600077797025e-01
9.817716368359195034e-01
9.754638994844790911e-01
9.834423777632156360e-01
9.809174025364649774e-01
9.752684176568170438e-01
9.815356733673119560e-01
9.747192005884461885e-01
9.778413049650339639e-01
9.829206005815530611e-01
9.737980581711785932e-01
9.790539097782138267e-01
9.827065727500871040e-01
9.775363577606842602e-01
9.764515762880487948e-01
9.811519233787223682e-01
9.728043348051520489e-01
9.773450199710762565e-01
9.798925294158100652e-01
9.753942865106257631e-01
9.783793374837974621e-01
9.784628515764445256e-01
9.745989010532547514e-01
9.795229536555090100e-01
9.769418465792720774e-01
9.740850955388222765e-01
9.837159225616267655e-01
9.805084755452826428e-01
9.747619593943137595e-01
9.838626476800248488e-01
9.792603940697623965e-01
9.772097066537227539e-01
9.836425022521840811e-01
9.778805503557113088e-01
9.745187861131119345e-01
9.844049526489769830e-01
