1.024569247780327252e+01
1.025701333458725450e+01
1.024309765339469713e+01
1.023280356801916291e+01
1.025494318790865123e+01
1.022536531000372939e+01
1.023675535187330254e+01
1.025272004919155755e+01
1.027009601049604370e+01
1.027736013688679151e+01
1.027662413068434866e+01
1.026029292579155516e+01
1.026396485303906125e+01
1.027418636081202052e+01
1.024671856606032883e+01
1.027595644939653141e+01
1.029025904395184732e+01
1.027750811119815033e+01
1.029841490388854019e+01
1.033530694294423213e+01
1.039496469394290834e+01
1.047290349502398499e+01
1.021817667203119129e+01
1.020003970180664332e+01
1.022921415804078826e+01
1.028233362427731201e+01
1.028427806976195846e+01
1.026965945561161853e+01
1.026882209475388130e+01
1.025508826654006533e+01
1.027518387643557318e+01
1.027156783054738831e+01
1.026965726328185369e+01
1.025646802802797453e+01
1.024164806605676148e+01
1.027152963283875486e+01
1.026992951631982187e+01
1.024072345699841691e+01
1.026127675278652518e+01
1.025431594863135665e+01
1.027475445056543180e+01
1.026592528180929165e+01
1.027071403962748164e+01
1.024688102652877753e+01
1.027161135704366579e+01
1.024429285505204845e+01
1.024836158073681602e+01
1.026749344650016660e+01
1.027432157754423869e+01
1.025488293600964695e+01
1.026801434205908414e+01
1.024476752417577252e+01
1.026063892153612755e+01
1.026777746177330108e+01
1.027249715637137051e+01
1.026387690058066937e+01
1.026653472698854586e+01
1.024794427836286204e+01
1.026864180189972231e+01
1.027971534539445031e+01
1.024911768384168909e+01
1.028541309696135819e+01
1.028059175789212176e+01
1.025103665014172805e+01
1.027562317765442934e+01
1.025867638026452155e+01
1.028067495054959757e+01
1.027895058348626023e+01
1.028276472514685658e+01
1.026141481457169569e+01
1.027809944597419545e+01
1.024401383095950635e+01
1.029791951368409464e+01
1.027456990073212317e+01
1.026197947325831095e+01
1.029179181529284470e+01
1.029070139735128997e+01
1.025733858113391506e+01
1.027787091030025302e+01
1.027770944627100391e+01
1.029019761942991273e+01
1.028459182213816625e+01
1.027706158947250614e+01
1.026221050239459309e+01
1.030203145421808486e+01
1.027516719233330633e+01
1.026630082669328736e+01
1.029200793639513201e+01
1.029594816087329789e+01
1.027058298817259363e+01
1.030648882977772018e+01
1.027163751493485044e+01
1.030228243818578626e+01
1.029409938058583229e+01
1.026898528321613746e+01
1.028234979744399880e+01
1.030813094364021865e+01
1.027315235808974947e+01
1.028763176763964360e+01
1.030925003599200274e+01
1.027346964098748039e+01
1.031518453277343639e+01
1.031270101920079085e+01
1.027431546318191735e+01
1.029905785442165467e+01
1.029166084070648601e+01
1.027926536784224432e+01
1.030479196940923003e+01
1.031350804398920040e+01
1.028284981322754277e+01
1.030794902772611898e+01
1.028753859068508270e+01
1.028977519437193777e+01
1.032607568238632645e+01
1.028906970242096719e+01
1.029562272830327885e+01
1.031064073211798693e+01
1.032118969486388593e+01
1.032936466809913512e+01
1.033038090822137001e+01
1.032318460132710847e+01
1.033358988530279632e+01
1.031255538447177145e+01
1.029394324793819493e+01
1.031368813016315755e+01
1.033394632649155298e+01
1.033221857427458623e+01
1.031944306069618023e+01
1.033744373880979062e+01
1.030150797936369678e+01
1.032648657977261131e+01
1.033800703167013246e+01
1.030683935303505194e+01
1.032985298439487210e+01
1.034025238347934206e+01
1.031465329202569947e+01
1.035271046037349230e+01
1.031308430802268106e+01
1.035205341798565293e+01
1.035572781797326236e+01
1.031584978038356937e+01
1.035855976083981034e+01
1.035732389625177596e+01
1.031825848895610065e+01
1.033701483702698809e+01
1.035930893901670835e+01
