9.159726498740689005e-01
9.254033003600178331e-01
9.331826618825482811e-01
9.372072728980581635e-01
9.436231899366624987e-01
9.493761130059292785e-01
9.527912737886483630e-01
9.595058126330937576e-01
9.627645178164416784e-01
9.653624190297896979e-01
9.677699402058075329e-01
9.702902598890652541e-01
9.730856424614366951e-01
9.693774822664958934e-01
9.769500120826067890e-01
9.729205828037632564e-01
9.755541233698996617e-01
9.802857519792175234e-01
9.785802564721847174e-01
9.807023690320441078e-01
9.804324586147245002e-01
9.788791553897977504e-01
9.829644066277997139e-01
9.835429143792000506e-01
9.839960085690194758e-01
9.818283596673816893e-01
9.743704824097072503e-01
9.803582182811458878e-01
9.806446494447588202e-01
9.839563320914450628e-01
9.676629368234430650e-01
9.700305240755515701e-01
9.690661085654633800e-01
9.617079622141985196e-01
9.614533613726051753e-01
9.793918326517334627e-01
9.751937807689006199e-01
9.761372459265414969e-01
9.741236554804804104e-01
9.755140834278441808e-01
9.799198518683879255e-01
9.807971789894355252e-01
9.747888304213564448e-01
9.778478486820015858e-01
9.728113563115725615e-01
9.675399066997675268e-01
9.685349358445437540e-01
9.583725845103224783e-01
9.473576761016783143e-01
9.549284844271763717e-01
9.633659220581322069e-01
9.396883219783297436e-01
9.417781865241152683e-01
9.771551431668912269e-01
9.440660474746053188e-01
9.435919027959713823e-01
9.729776787275902228e-01
9.347151203353076809e-01
9.575042740531062302e-01
9.277055818273169940e-01
9.273675417694651202e-01
9.589086707162298717e-01
9.562475832060033376e-01
9.443080340754309576e-01
9.502751790704120349e-01
9.290707273853127113e-01
9.244496926297561812e-01
9.562355134813421698e-01
9.294793081750477581e-01
9.517062164651312051e-01
9.452055643504588822e-01
9.223768683555034764e-01
9.277962890180269095e-01
9.182999557078751485e-01
9.276334871940001836e-01
9.435659651937561287e-01
9.452474287915604290e-01
9.437066084470447924e-01
9.462862619595098224e-01
9.394478396810185261e-01
9.252626920373479003e-01
8.874998889326435325e-01
9.116399555525950271e-01
9.421768586624154063e-01
8.644586256207174024e-01
9.471539683625144201e-01
9.580185268842875690e-01
9.415574935464170458e-01
9.383246065473891395e-01
9.264546152895174469e-01
9.123027381900857824e-01
