1.187498325696088664e+01
1.171138778288239202e+01
1.157117449033042789e+01
1.145442322097398602e+01
1.131122508199722176e+01
1.120998955849573164e+01
1.114598176884691938e+01
1.104056493328729438e+01
1.096868703273520929e+01
1.089188664640616544e+01
1.082622546128178520e+01
1.077057167954405159e+01
1.072046091681392177e+01
1.065725917822225277e+01
1.063432478792450198e+01
1.055480796395758958e+01
1.051801319560595971e+01
1.050865801669837118e+01
1.046387830082213810e+01
1.043235375558969658e+01
1.038901842681090670e+01
1.042285905987377603e+01
1.036494676729671482e+01
1.034813132667978586e+01
1.034442050348544839e+01
1.031929477034112175e+01
1.027303503374305649e+01
1.032251047253336473e+01
1.028662621826782519e+01
1.028420563328620752e+01
1.024885698381585541e+01
1.026012581306845739e+01
1.020242081480362550e+01
1.019005768268856116e+01
1.020781054126339171e+01
1.026002928465290687e+01
1.024985482436076012e+01
1.030002225065337562e+01
1.028892125367943677e+01
1.031734251041939032e+01
1.028383941159357384e+01
1.033603178142614176e+01
1.038708425092738885e+01
1.044119120236040210e+01
1.047018066183627916e+01
1.047889492016190438e+01
1.031845671984267732e+01
1.042610247580927130e+01
1.041769994246172182e+01
1.034517347591982706e+01
1.032826813481198691e+01
1.053724515638398707e+01
1.061479801898183517e+01
1.049541872183254121e+01
1.074772847786536190e+01
1.077405440720793095e+01
1.061011340752703802e+01
1.071057355098978903e+01
1.054482520249253952e+01
1.060939144104541221e+01
1.061384274207618184e+01
1.069861081995785312e+01
1.080717521842510465e+01
1.081890122271531673e+01
1.082086151693405007e+01
1.066472359022091965e+01
1.048809411774643507e+01
1.073710890868911960e+01
1.100786853321027081e+01
1.090661899241905353e+01
1.079592424590935984e+01
1.100975209068863414e+01
1.100424958631976757e+01
1.082838882057605900e+01
1.057924870667468298e+01
1.060702700966259826e+01
1.066755248832131997e+01
1.091438138205709052e+01
1.121612100192751704e+01
1.137607206663024151e+01
1.120462600315203616e+01
1.063406265816501417e+01
1.119172433340304273e+01
1.105187858425361824e+01
1.048261879996211654e+01
1.129738883867331722e+01
1.115273113650082948e+01
1.112127360184010527e+01
1.087826068031690774e+01
1.100509677044578538e+01
1.108745986611564227e+01
