8.504806758045320159e-01
8.506771838761677529e-01
8.508778364520424020e-01
8.510571381094669263e-01
8.512139511752562226e-01
8.513478922886936751e-01
8.514421950167173625e-01
8.515309413930201021e-01
8.515951394973066968e-01
8.516348729822793562e-01
8.516501857956380039e-01
8.516335396279498537e-01
8.515999474620661314e-01
8.515404405937174737e-01
8.514546528496725886e-01
8.513435420698837186e-01
8.512060149418334554e-01
8.510410007253881304e-01
8.508481430490002495e-01
8.506271954200183005e-01
8.503896340346490668e-01
8.501131460571788034e-01
8.498076988685960842e-01
8.494722022761302949e-01
8.491071934187548464e-01
8.487357183189480070e-01
8.483123314168459217e-01
8.478579052311316921e-01
8.473721519928949508e-01
8.468548826209381097e-01
8.463419892249581800e-01
8.457633581621735175e-01
8.451520277917721202e-01
8.445088252510744020e-01
8.438319772860125578e-01
8.431714412439832440e-01
8.424302558869186663e-01
8.416549180626169413e-01
8.408459487048611791e-01
8.400026014763363191e-01
8.391879402657462794e-01
8.382782134175095212e-01
8.373336326173920208e-01
8.363540419863326747e-01
8.353391907332554656e-01
8.343662436122376569e-01
8.332825984857334944e-01
8.321641258454943735e-01
8.310097162302250151e-01
8.299084941468450882e-01
8.286855368501262475e-01
8.274269473803484987e-01
8.261319992946278834e-01
8.248005699240327226e-01
8.235371613180357819e-01
8.221364833346225254e-01
8.206999425999550457e-01
8.192282709915352790e-01
8.177207738641203427e-01
8.162949320770337414e-01
8.147193124104457063e-01
8.131073972377569348e-01
8.114596330696430826e-01
8.097775527736408296e-01
8.081929700387813220e-01
8.064437267120487807e-01
8.046593111272062337e-01
8.028407911108679240e-01
8.009892264885027924e-01
7.992501966206613240e-01
7.973340070641785626e-01
7.953850921069072211e-01
7.934037753455991382e-01
7.913906952488150015e-01
7.895061197506640926e-01
7.874324184268088889e-01
7.853289127361883226e-01
7.831954473462878763e-01
7.810314711997883297e-01
7.790111370043251160e-01
7.767935108660035670e-01
7.745483838686928468e-01
7.722768571935860749e-01
7.699790593911260972e-01
7.678388795988655424e-01
7.654933803419268212e-01
7.631243622072352295e-01
7.607326921813619691e-01
7.585100176793206916e-01
7.560780463528570250e-01
7.536258958706820721e-01
7.511545792879510408e-01
7.486665166337876931e-01
7.463608103905622349e-01
7.438426772973070200e-01
7.413102418635980628e-01
7.387642568705540258e-01
7.362073368738375478e-01
7.338430442444314750e-01
7.312677367845410448e-01
7.286846870245763386e-01
7.260956383938069747e-01
7.235023279862254908e-01
7.211114451490762134e-01
7.185140896075827843e-01
7.159160406882676408e-01
7.133197678792575491e-01
7.107290734156286316e-01
7.083460294504502208e-01
7.057659455864928599e-01
7.031948932412113162e-01
7.006349005921277406e-01
6.980880780191575097e-01
6.957547325492663415e-01
6.932378063956299297e-01
6.907396489607877665e-01
6.882631702342549840e-01
6.858092436766258793e-01
6.835713399416072367e-01
6.811688141621269343e-01
6.787970347763079282e-01
6.764571151683769212e-01
6.743319688266216083e-01
6.720609856976479390e-01
6.698309081333289061e-01
6.676418894709179597e-01
6.654979490520152030e-01
6.635638450439078628e-01
6.615114844944453010e-01
6.595126936154851460e-01
6.575682123165225157e-01
6.556808528559514571e-01
6.539933878330742578e-01
6.522238617037018349e-01
6.505179019589875100e-01
6.488799640389804058e-01
6.473121846996900963e-01
6.459288460970180612e-01
6.445015522584234269e-01
6.431510390569374902e-01
6.418793394993513868e-01
6.406884297477632995e-01
6.396608873687197327e-01
6.386310418830228874e-01
6.376880848445279915e-01
6.368330900502248149e-01
6.360689097538059222e-01
6.354402330458513992e-01
6.348506068185779672e-01
6.343541061868864794e-01
6.339511700760794843e-01
6.336425390081091846e-01
6.334367503127433796e-01
6.333104344065854097e-01
6.332789803091922742e-01
6.333419221756140249e-01
6.334978166014242351e-01
6.337177898947717880e-01
6.340505269613814221e-01
6.344742774568241650e-01
6.349871700030504940e-01
6.355305515673608241e-01
6.362083982449466824e-01
6.369705746237668276e-01
6.378135232509105634e-01
6.387349927102343727e-01
6.396455538050265233e-01
6.407118062731860242e-01
6.418473995762279394e-01
6.430511804917466989e-01
6.443189212377914421e-01
6.455359685175483531e-01
6.469181319524037743e-01
6.483550144110462599e-01
6.498427285379400065e-01
6.513785711180529736e-01
6.528276739458744871e-01
6.544447497009518999e-01
6.561002897963469360e-01
6.577900027680503303e-01
6.595104497240783514e-01
6.611169092684450188e-01
6.628856620999478144e-01
6.646775867222545209e-01
6.664863681883554936e-01
6.683101196186145287e-01
6.699966618123615048e-01
6.718396010776631622e-01
6.736870100343760326e-01
6.755381569509566475e-01
6.773887967354164097e-01
6.790897912257655156e-01
6.809332300295219964e-01
6.827673709208575969e-01
6.845923448542801104e-01
6.862597886554395732e-01
6.880587067405342649e-01
6.898388753419918418e-01
6.916004574023179030e-01
6.933410250090936700e-01
