8.492089812763713441e-01
8.493528642702369291e-01
8.494959491613146563e-01
8.496161663523668084e-01
8.497126379635423499e-01
8.497849704609605759e-01
8.498209850633311468e-01
8.498457120985055679e-01
8.498447990954470788e-01
8.498181512530554871e-01
8.497654394021810775e-01
8.496848137006897117e-01
8.495810290782062069e-01
8.494500357942255109e-01
8.492914805895354080e-01
8.491119062903401682e-01
8.488992295951264255e-01
8.486577913766558678e-01
8.483872673875113568e-01
8.480876378381417835e-01
8.477761112526502885e-01
8.474184904559477483e-01
8.470305485260976042e-01
8.466114929914881904e-01
8.461615839219591706e-01
8.457107709674559493e-01
8.452002604144267517e-01
8.446575873421133807e-01
8.440824748529456301e-01
8.434750191383346696e-01
8.428778496527818964e-01
8.422064768230139720e-01
8.415016609244966306e-01
8.407636971240357582e-01
8.399913074547610270e-01
8.392417884556383489e-01
8.384034456847054839e-01
8.375302186774571389e-01
8.366221425101191267e-01
8.356789318899117136e-01
8.347723874702014379e-01
8.337620763190090045e-01
8.327159836620202649e-01
8.316342113899662936e-01
8.305167525293871700e-01
8.294493473481354684e-01
8.282627294711643051e-01
8.270405300832851525e-01
8.257819254462192005e-01
8.245855903411083432e-01
8.232584275313205024e-01
8.218955082258559974e-01
8.204963653677778135e-01
8.190609914358385479e-01
8.177024901647101940e-01
8.161983748380996495e-01
8.146587518175641973e-01
8.130842250089272971e-01
8.114743875946911489e-01
8.099556557385332312e-01
8.082793638970304784e-01
8.065678784691415748e-01
8.048214226945781258e-01
8.030415486537205716e-01
8.013690779736072356e-01
7.995246218333500465e-01
7.976464463454107090e-01
7.957359712924132467e-01
7.937936820529364335e-01
7.919740699704389542e-01
7.899713706286440873e-01
7.879379982053472675e-01
7.858745852200543780e-01
7.837819812875640446e-01
7.818266504497369818e-01
7.796785159464804105e-01
7.775032970393640497e-01
7.753013934498370618e-01
7.730718475805113954e-01
7.709954911815324330e-01
7.687197268289903684e-01
7.664195897554474390e-01
7.640971701039793729e-01
7.617522959149954920e-01
7.595738584581078756e-01
7.571891575273715924e-01
7.547859074657438105e-01
7.523643169663049024e-01
7.501192971800413334e-01
7.476672403897860475e-01
7.452003834273338567e-01
7.427198101616804271e-01
7.402278725109292523e-01
7.379246064826171514e-01
7.354141417069953723e-01
7.328944229777366592e-01
7.303679868416127485e-01
7.278364213830802454e-01
7.255021634437986977e-01
7.229645541528862962e-01
7.204257667334094117e-01
7.178877658012811080e-01
7.153527038433842300e-01
7.130220298463224582e-01
7.104960352817876190e-01
7.079768466371536562e-01
7.054673215200479852e-01
7.029691256990250325e-01
7.006785331247170623e-01
6.982055875798588440e-01
6.957482550344060712e-01
6.933096742784844446e-01
6.908919478003850978e-01
6.886834521881718407e-01
6.863086829026743274e-01
6.839597844462544929e-01
6.816394112288444163e-01
6.793487089114881305e-01
6.772662205839635741e-01
6.750389477310044795e-01
6.728480464120280002e-01
6.706956987676025994e-01
6.687474393587038435e-01
6.666746917571056974e-01
6.646480758630212149e-01
6.626671014665825865e-01
6.607356513622001382e-01
6.589998220844752730e-01
6.571675188782108989e-01
6.553908798098485589e-01
6.536715178353454947e-01
6.520114539429996414e-01
6.505332427184563615e-01
6.489932731424775669e-01
6.475178021336417400e-01
6.461099991799220676e-01
6.447712573734065700e-01
6.435966939216918314e-01
6.423956380017373791e-01
6.412688241582978899e-01
6.402174039061261368e-01
6.392432822518028246e-01
6.384104160105087411e-01
6.375884593082601359e-01
6.368473338482784074e-01
6.361879475248551907e-01
6.356121277237595235e-01
6.351490122557162943e-01
6.347332966081046246e-01
6.344021658735731206e-01
6.341557086411989674e-01
6.339941437434365445e-01
6.339135473158356016e-01
6.339149660916790774e-01
6.340007031745119592e-01
6.341697946854664147e-01
6.344210812509696318e-01
6.347178878682652181e-01
6.351253566247437865e-01
6.356122211224867202e-01
6.361769225649979154e-01
6.367567468033529243e-01
6.374653106601861907e-01
6.382471886164661212e-01
6.390988251638337614e-01
6.400184162211141059e-01
6.409164977231999183e-01
6.419610676191144227e-01
6.430652519745997386e-01
6.442279575869087616e-01
6.454455753876428004e-01
6.466073484489182066e-01
6.479227713066256777e-01
6.492849027428658770e-01
6.506910123566971293e-01
6.521375298595817327e-01
6.534966627139547901e-01
6.550122334372296962e-01
6.565603744316566015e-01
6.581372858133646142e-01
6.597400831365498597e-01
6.612322939912872455e-01
6.628752875147601031e-01
6.645364584405913932e-01
6.662114236543864587e-01
6.678980935754683657e-01
6.694540296819803116e-01
6.711541234606558382e-01
6.728563451900559933e-01
6.745602341817001912e-01
6.762618745192462422e-01
6.778223059049314214e-01
6.795132933045294754e-01
6.811936153978197517e-01
6.828637946553577365e-01
6.843866968081010471e-01
6.860294110197249218e-01
6.876523233150751979e-01
6.892561120497350258e-01
6.908381369807106154e-01
