9.965210404133363342e-01
9.962061449901499222e-01
9.958258462766303998e-01
9.954007745940164353e-01
9.949298182727190909e-01
9.944124057850514120e-01
9.938900657747025136e-01
9.932806054864188328e-01
9.926219969620738715e-01
9.919133610562710368e-01
9.911538277003555386e-01
9.904049427941278294e-01
9.895443984342333632e-01
9.886312043962676155e-01
9.876637127854830389e-01
9.867204598471690513e-01
9.856462764450152347e-01
9.845152486711800099e-01
9.833265784259453968e-01
9.820795088620231095e-01
9.808752921981040984e-01
9.795134984200480899e-01
9.780906259792911950e-01
9.766059998025744537e-01
9.750588004556938193e-01
9.735753539100882037e-01
9.719059739044677571e-01
9.701715416908126555e-01
9.683714748131249106e-01
9.665050159257499995e-01
9.647247970320113053e-01
9.627291233821272387e-01
9.606645104973918770e-01
9.585317130271726604e-01
9.563285118576834165e-01
9.542363581485392432e-01
9.518969591762536098e-01
9.494860145936631080e-01
9.470025671517964261e-01
9.444460158361225321e-01
9.420263041481202748e-01
9.393282868540071551e-01
9.365557532638298932e-01
9.337083257693278293e-01
9.307853762711842949e-01
9.280269604607427336e-01
9.249573568181426175e-01
9.218118328369598879e-01
9.185893332876210460e-01
9.155545634109916175e-01
9.121836447088883526e-01
9.087341485815032538e-01
9.052074138094642342e-01
9.016025616291778455e-01
8.982160355597847978e-01
8.944604722163475019e-01
8.906266080492442061e-01
8.867141914523437585e-01
8.827241136635507468e-01
8.789824155740872946e-01
8.748419882494754551e-01
8.706225113491391498e-01
8.663248965908529886e-01
8.619488081892184850e-01
8.578555166245898089e-01
8.533318836568657417e-01
8.487312026453335267e-01
8.440542953595803199e-01
8.393022939530599968e-01
8.348642762265456874e-01
8.299679836193266658e-01
8.249968948795818324e-01
8.199523927878952234e-01
8.148349830051848652e-01
8.100664663309382618e-01
8.048114034801189254e-01
7.994868881760818224e-01
7.940940475993416570e-01
7.886316521769127785e-01
7.835502886182957871e-01
7.779615426744136419e-01
7.723073952116751295e-01
7.665908436390584946e-01
7.608125931320617319e-01
7.554469001618920876e-01
7.495538490447721802e-01
7.436035872924077195e-01
7.375985752373375171e-01
7.320292962328538433e-01
7.259227075239284011e-01
7.197661503243844017e-01
7.135606654201135379e-01
7.073101540450924540e-01
7.015258262635558628e-01
6.951933555469409498e-01
6.888220962153031035e-01
6.824136391196177209e-01
6.759713235670714582e-01
6.700189570215866475e-01
6.635183661284383971e-01
6.569910536847057836e-01
6.504403706522879913e-01
6.438691752978501492e-01
6.378115875127047252e-01
6.312108022355955583e-01
6.245980906210264472e-01
6.179774125243124860e-01
6.113532072789933380e-01
6.052587248936581732e-01
5.986355833743135513e-01
5.920188394614364080e-01
5.854120165384952834e-01
5.788206228755105043e-01
5.727703481392342200e-01
5.662171143556020692e-01
5.596891066261797665e-01
5.531929892270657234e-01
5.467312736498833869e-01
5.408201068558400326e-01
5.344381541872122998e-01
5.281070403135048608e-01
5.218266913055619183e-01
5.160972950561439898e-01
5.099346103979349731e-01
5.038420744867678769e-01
4.978204386570797557e-01
4.918772692891150711e-01
4.864786741465557673e-01
4.806996392105851723e-01
4.750151846401245992e-01
4.694295423841564618e-01
4.639487839374321076e-01
4.589949521149411238e-01
4.537294010581178205e-01
4.485819577596878993e-01
4.435599602904902183e-01
4.386681482054718417e-01
4.342781192316339522e-01
4.296501210945162241e-01
4.251661026255846854e-01
4.208317933870663330e-01
4.166515288279591944e-01
4.129334975830861731e-01
4.090590367628320068e-01
4.053508497614219941e-01
4.018115099991506067e-01
3.984460946386736979e-01
3.954903678325448757e-01
3.924620601072019710e-01
3.896145389407436044e-01
3.869474868545504376e-01
3.844652672268503157e-01
3.823297281256470281e-01
3.802024048840216830e-01
3.782594419587146373e-01
3.765026865963513880e-01
3.749292171668183182e-01
3.736285797740249714e-01
3.724050672609394153e-01
3.713612357480148285e-01
3.704946600486730413e-01
3.698352729616685153e-01
3.692987637806624535e-01
3.689306969408632231e-01
3.687261476448685515e-01
3.686807447471966426e-01
3.687601900542770150e-01
3.690087166930964835e-01
3.693986080528666727e-01
3.699293994445614353e-01
3.705939525993776629e-01
3.713049851742112883e-01
3.722101534287627356e-01
3.732320434425259181e-01
3.743634955387109553e-01
3.756002704084531740e-01
3.768122588817546248e-01
3.782316133049604123e-01
3.797384610312117270e-01
3.813265396930077822e-01
3.829874845313009923e-01
3.845682550179982395e-01
3.863549361391176995e-01
3.882028352080859057e-01
3.901012989920666918e-01
3.920465276745306871e-01
3.938637374006077052e-01
3.958851801661347203e-01
3.979377119629768922e-01
4.000171528192985049e-01
4.021183014538712852e-01
4.040618642013973916e-01
4.061971708309291551e-01
4.083391760233803791e-01
4.104898977848761565e-01
4.124651384977748303e-01
4.146193718642153248e-01
4.167666090095818454e-01
4.189085644153252574e-01
4.210417162491037479e-01
