Generated by GetData Graph Digitizer 2.25.0.32 on August 01 2016, 15:26
from file 'D:\laboratory\论文\The Flux Qubit Revisited\实验数据.JPG'

Line #1
 4.30000000000000e+001    8.85537383177570e+000
 6.46686746987952e+001    8.16658878504673e+000
 8.23975903614458e+001    7.46214953271028e+000
 9.77626506024097e+001    6.71074766355140e+000
 1.17067469879518e+002    5.55233644859813e+000
 1.28886746987952e+002    4.83224299065421e+000
 1.35584337349398e+002    4.55046728971963e+000
 1.41100000000000e+002    4.48785046728972e+000
 1.49373493975904e+002    4.62873831775701e+000
 1.55283132530121e+002    4.94182242990654e+000
 1.60010843373494e+002    5.20794392523364e+000
 1.65920481927711e+002    5.56799065420561e+000
 1.73406024096386e+002    6.06892523364486e+000
 1.85225301204819e+002    6.72640186915888e+000
 1.95074698795181e+002    7.21168224299065e+000
 2.10833734939759e+002    7.90046728971963e+000
 2.19895180722892e+002    8.24485981308411e+000
 2.29744578313253e+002    8.58925233644860e+000
 2.47079518072289e+002    9.07453271028037e+000
 2.64020481927711e+002    9.48154205607477e+000
 2.88840963855422e+002    9.96682242990654e+000
 3.00660240963855e+002    1.01546728971963e+001
 3.13267469879518e+002    1.03268691588785e+001
 3.25480722891566e+002    1.04834112149533e+001
 3.44391566265060e+002    1.06556074766355e+001
 3.58968674698795e+002    1.07495327102804e+001
 3.70000000000000e+002    1.07964953271028e+001
