Generated by GetData Graph Digitizer 2.25.0.32 on August 04 2016, 17:26
from file 'D:\laboratory\论文\QUBIT\The Flux Qubit Revisited\实验数据.JPG'

Line #1
 3.94048192771084e+001    8.49531615925059e+000
 5.27638554216867e+001    8.07517564402810e+000
 6.69325301204819e+001    7.54192037470726e+000
 8.02915662650602e+001    6.97634660421546e+000
 9.04120481927711e+001    6.49156908665105e+000
 9.85084337349398e+001    6.08758782201405e+000
 1.09438554216867e+002    5.53817330210773e+000
 1.18749397590361e+002    5.15035128805621e+000
 1.28465060240964e+002    4.84332552693208e+000
 1.34132530120482e+002    4.74637002341920e+000
 1.40204819277108e+002    4.71405152224824e+000
 1.50730120481928e+002    4.82716627634660e+000
 1.58421686746988e+002    5.03723653395785e+000
 1.65708433734940e+002    5.31194379391101e+000
 1.70971084337349e+002    5.55433255269321e+000
 1.75828915662651e+002    5.81288056206089e+000
 1.81091566265060e+002    6.08758782201405e+000
 1.88783132530120e+002    6.45925058548009e+000
 1.94045783132530e+002    6.73395784543325e+000
 1.99308433734940e+002    6.96018735362998e+000
 2.05785542168675e+002    7.26721311475410e+000
 2.13477108433735e+002    7.57423887587822e+000
 2.19549397590361e+002    7.80046838407494e+000
 2.26431325301205e+002    8.04285714285714e+000
 2.36551807228916e+002    8.38220140515222e+000
 2.46672289156627e+002    8.67306791569087e+000
 2.58412048192771e+002    8.99625292740047e+000
 2.68532530120482e+002    9.22248243559719e+000
 2.78653012048193e+002    9.44871194379391e+000
 2.89178313253012e+002    9.65878220140515e+000
 3.00108433734940e+002    9.83653395784543e+000
 3.07800000000000e+002    9.96580796252927e+000
 3.16301204819277e+002    1.00789227166276e+001
 3.26826506024096e+002    1.02081967213115e+001
 3.37756626506024e+002    1.03213114754098e+001
 3.56378313253012e+002    1.04829039812646e+001
 3.67308433734940e+002    1.05313817330211e+001
 3.75000000000000e+002    1.05798594847775e+001
