Generated by GetData Graph Digitizer 2.25.0.32 on August 04 2016, 17:28
from file 'D:\laboratory\论文\QUBIT\The Flux Qubit Revisited\实验数据.JPG'

Line #2
 3.94048192771084e+001    8.65690866510539e+000
 4.91204819277108e+001    8.33372365339578e+000
 6.36939759036145e+001    7.83278688524590e+000
 7.26000000000000e+001    7.47728337236534e+000
 8.11012048192771e+001    7.12177985948478e+000
 8.87927710843373e+001    6.73395784543325e+000
 9.85084337349398e+001    6.24918032786885e+000
 1.06604819277108e+002    5.79672131147541e+000
 1.12677108433735e+002    5.45737704918033e+000
 1.17534939759036e+002    5.21498829039813e+000
 1.24012048192771e+002    4.89180327868852e+000
 1.28869879518072e+002    4.69789227166276e+000
 1.32918072289157e+002    4.58477751756440e+000
 1.38585542168675e+002    4.50398126463700e+000
 1.41419277108434e+002    4.50398126463700e+000
 1.49110843373494e+002    4.64941451990632e+000
 1.53968674698795e+002    4.81100702576112e+000
 1.57207228915663e+002    4.94028103044496e+000
 1.62874698795181e+002    5.23114754098361e+000
 1.68946987951807e+002    5.55433255269321e+000
 1.72590361445783e+002    5.78056206088993e+000
 1.78257831325301e+002    6.07142857142857e+000
 1.83520481927711e+002    6.34613583138173e+000
 1.87568674698795e+002    6.58852459016393e+000
 1.93640963855422e+002    6.87939110070258e+000
 1.98903614457831e+002    7.12177985948478e+000
 2.04975903614458e+002    7.39648711943794e+000
 2.11453012048193e+002    7.67119437939110e+000
 2.17525301204819e+002    7.89742388758782e+000
 2.22787951807229e+002    8.09133489461358e+000
 2.28050602409639e+002    8.26908665105386e+000
 2.32908433734940e+002    8.43067915690867e+000
 2.39385542168675e+002    8.62459016393442e+000
 2.47886746987952e+002    8.86697892271663e+000
 2.56387951807229e+002    9.07704918032787e+000
 2.67318072289157e+002    9.33559718969555e+000
 2.78248192771084e+002    9.56182669789227e+000
 2.86749397590361e+002    9.73957845433255e+000
 2.96465060240964e+002    9.91733021077283e+000
 3.09014457831325e+002    1.01112412177986e+001
 3.18325301204819e+002    1.02243559718970e+001
 3.30874698795181e+002    1.03859484777518e+001
 3.40185542168675e+002    1.04667447306792e+001
 3.51925301204819e+002    1.05798594847775e+001
 3.58807228915663e+002    1.06121779859485e+001
 3.66903614457831e+002    1.06606557377049e+001
 3.75000000000000e+002    1.06929742388759e+001
